0.4 0.3
sun   0.05  18.5  ( 255 255 255 255 )
ring  0.1  0.6 ( 125 200 150 150 )
ring  0.2  0.8  ( 125 110 75 40 )
flar  0.4  0.65  ( 125 255 255 255 )
crcl  0.3  0.6 ( 125 100 120 150 )
crcl  0.35 0.6 ( 125 145 110 100 )
crcl  0.5  0.3 ( 125  50  50 150 )
crcl  0.6  0.5  ( 125  80 150  80 )
crcl  0.63 0.6  ( 125 110  75  40 )
crcl  0.65 0.35 ( 125 110  75  40 )
ring  0.67 0.6  ( 125 110  75  40 )
hxgn  0.75 0.55 ( 125  48  87 111 )
ring  0.8  0.6  ( 125  30  50  20 )
ring  0.9  0.8  ( 125  30  50  40 )